2.258581996820668876e+08
2.193753657232885957e+08
